
62440529002958755101014501277719510604202895934047996279258432250417593446045410002701801581125510965322326439957036196975293561616458532138688014678137658535183165228904466770133466843090693959432544557284790501800201135640042593927229429819705984358224910713536989401978315584820742689093258574456642375080106413909969386172895069812960951694135842993224701965441843687138728086913899614379411623690473884076884421567629951982283691680500926094150805689874393875967137723190402246970708353436747679041599263517705547

62440529002958755101014501277719510604202895934047996279258432250417593446045410002701801581125510965322326439957036196975293561616458532138688014678137658535183165228904466770133466843090693959432544557284790501800201135640042593927229429819705984358224910713536989401978315584820742689093258574456642375080106413909969386172895069812960951694135842993224701965441843687138728086913899614379411623690473884076884421567629951982283691680500926094150805689874393875967137723190402246970708353436747679041599263517706549

62440529002958755101014501277719510604202895934047996279258432250417593446045410002701801581125510965322326439957036196975293561616458532138688014678137658535183165228904466770133466843090693959432544557284790501800201135640042593927229429819705984358224910713536989401978315584820742689093258574456642375080106413909969386172895069812960951694135842993224701965441843687138728086913899614379411623690473884076884421567629951982283691680500926094150805689874393875967137723190402246970708353436747679041599263517707309

62440529002958755101014501277719510604202895934047996279258432250417593446045410002701801581125510965322326439957036196975293561616458532138688014678137658535183165228904466770133466843090693959432544557284790501800201135640042593927229429819705984358224910713536989401978315584820742689093258574456642375080106413909969386172895069812960951694135842993224701965441843687138728086913899614379411623690473884076884421567629951982283691680500926094150805689874393875967137723190402246970708353436747679041599263517707437

62440529002958755101014501277719510604202895934047996279258432250417593446045410002701801581125510965322326439957036196975293561616458532138688014678137658535183165228904466770133466843090693959432544557284790501800201135640042593927229429819705984358224910713536989401978315584820742689093258574456642375080106413909969386172895069812960951694135842993224701965441843687138728086913899614379411623690473884076884421567629951982283691680500926094150805689874393875967137723190402246970708353436747679041599263517708019

62440529002958755101014501277719510604202895934047996279258432250417593446045410002701801581125510965322326439957036196975293561616458532138688014678137658535183165228904466770133466843090693959432544557284790501800201135640042593927229429819705984358224910713536989401978315584820742689093258574456642375080106413909969386172895069812960951694135842993224701965441843687138728086913899614379411623690473884076884421567629951982283691680500926094150805689874393875967137723190402246970708353436747679041599263517708367
